1 01 230
1 01 230
1 02 250
1 03 543
1 04 321
1 05 491
1 06 732
1 07 932
1 08 378
1 09 232
2 00 843
2 01 230
2 02 250
2 03 543
2 04 321
2 05 491
2 06 732
2 07 932
2 08 378
2 09 232
3 00 230
3 01 230
3 02 250
3 03 543
3 04 321
3 05 491
3 06 732
3 07 932
3 08 378
3 09 232
4 00 230
4 01 230
4 02 250
4 03 543
4 04 321
4 05 491
4 06 732
4 07 932
4 08 378
4 09 232
5 00 230
5 01 230
5 02 250
5 03 543
5 04 321
5 05 491
5 06 732
5 07 932
5 08 378
5 09 232
1 11 230
1 11 230
1 12 250
1 13 543
1 14 321
1 15 491
1 16 732
1 17 932
1 18 378
1 19 232
2 10 843
2 11 230
2 12 250
2 13 543
2 14 321
2 15 491
2 16 732
2 17 932
2 18 378
2 19 232
3 00 230
3 11 230
3 12 250
3 13 543
3 14 321
3 15 491
3 16 732
3 17 932
3 18 378
3 19 232
4 00 230
4 11 230
4 12 250
4 13 543
4 14 321
4 15 491
4 16 732
4 17 932
4 18 378
4 19 232
5 10 230
5 11 230
5 12 250
5 13 543
5 14 321
5 15 491
5 16 732
5 17 932
5 18 378
5 19 232
1 01 230
1 01 230
1 02 250
1 03 543
1 04 321
1 05 491
1 06 732
1 07 932
1 08 378
1 09 232
2 00 843
2 01 230
2 02 250
2 03 543
2 04 321
2 05 491
2 06 732
2 07 932
2 08 378
2 09 232
3 00 230
3 01 230
3 02 250
3 03 543
3 04 321
3 05 491
3 06 732
3 07 932
3 08 378
3 09 232
4 00 230
4 01 230
4 02 250
4 03 543
4 04 321
4 05 491
4 06 732
4 07 932
4 08 378
4 09 232
5 00 230
5 01 230
5 02 250
5 03 543
5 04 321
5 05 491
5 06 732
5 07 932
5 08 378
5 09 232
1 11 230
1 11 230
1 12 250
1 13 543
1 14 321
1 15 491
1 16 732
1 17 932
1 18 378
1 19 232
2 10 843
2 11 230
2 12 250
2 13 543
2 14 321
2 15 491
2 16 732
2 17 932
2 18 378
2 19 232
3 00 230
3 11 230
3 12 250
3 13 543
3 14 321
3 15 491
3 16 732
3 17 932
3 18 378
3 19 232
4 00 230
4 11 230
4 12 250
4 13 543
4 14 321
4 15 491
4 16 732
4 17 932
4 18 378
4 19 232
5 10 230
5 11 230
5 12 250
5 13 543
5 14 321
5 15 491
5 16 732
5 17 932
5 18 378
5 19 232
1 01 230
1 01 230
1 02 250
1 03 543
1 04 321
1 05 491
1 06 732
1 07 932
1 08 378
1 09 232
2 00 843
2 01 230
2 02 250
2 03 543
2 04 321
2 05 491
2 06 732
2 07 932
2 08 378
2 09 232
3 00 230
3 01 230
3 02 250
3 03 543
3 04 321
3 05 491
3 06 732
3 07 932
3 08 378
3 09 232
4 00 230
4 01 230
4 02 250
4 03 543
4 04 321
4 05 491
4 06 732
4 07 932
4 08 378
4 09 232
5 00 230
5 01 230
5 02 250
5 03 543
5 04 321
5 05 491
5 06 732
5 07 932
5 08 378
5 09 232
1 11 230
1 11 230
1 12 250
1 13 543
1 14 321
1 15 491
1 16 732
1 17 932
1 18 378
1 19 232
2 10 843
2 11 230
2 12 250
2 13 543
2 14 321
2 15 491
2 16 732
2 17 932
2 18 378
2 19 232
3 00 230
3 11 230
3 12 250
3 13 543
3 14 321
3 15 491
3 16 732
3 17 932
3 18 378
3 19 232
4 00 230
4 11 230
4 12 250
4 13 543
4 14 321
4 15 491
4 16 732
4 17 932
4 18 378
4 19 232
5 10 230
5 11 230
5 12 250
5 13 543
5 14 321
5 15 491
5 16 732
5 17 932
5 18 378
5 19 232
1 01 230
1 01 230
1 02 250
1 03 543
1 04 321
1 05 491
1 06 732
1 07 932
1 08 378
1 09 232
2 00 843
2 01 230
2 02 250
2 03 543
2 04 321
2 05 491
2 06 732
2 07 932
2 08 378
2 09 232
3 00 230
3 01 230
3 02 250
3 03 543
3 04 321
3 05 491
3 06 732
3 07 932
3 08 378
3 09 232
4 00 230
4 01 230
4 02 250
4 03 543
4 04 321
4 05 491
4 06 732
4 07 932
4 08 378
4 09 232
5 00 230
5 01 230
5 02 250
5 03 543
5 04 321
5 05 491
5 06 732
5 07 932
5 08 378
5 09 232
1 11 230
1 11 230
1 12 250
1 13 543
1 14 321
1 15 491
1 16 732
1 17 932
1 18 378
1 19 232
2 10 843
2 11 230
2 12 250
2 13 543
2 14 321
2 15 491
2 16 732
2 17 932
2 18 378
2 19 232
3 00 230
3 11 230
3 12 250
3 13 543
3 14 321
3 15 491
3 16 732
3 17 932
3 18 378
3 19 232
4 00 230
4 11 230
4 12 250
4 13 543
4 14 321
4 15 491
4 16 732
4 17 932
4 18 378
4 19 232
5 10 230
5 11 230
5 12 250
5 13 543
5 14 321
5 15 491
5 16 732
5 17 932
5 18 378
5 19 232
1 01 230
1 01 230
1 02 250
1 03 543
1 04 321
1 05 491
1 06 732
1 07 932
1 08 378
1 09 232
2 00 843
2 01 230
2 02 250
2 03 543
2 04 321
2 05 491
2 06 732
2 07 932
2 08 378
2 09 232
3 00 230
3 01 230
3 02 250
3 03 543
3 04 321
3 05 491
3 06 732
3 07 932
3 08 378
3 09 232
4 00 230
4 01 230
4 02 250
4 03 543
4 04 321
4 05 491
4 06 732
4 07 932
4 08 378
4 09 232
5 00 230
5 01 230
5 02 250
5 03 543
5 04 321
5 05 491
5 06 732
5 07 932
5 08 378
5 09 232
1 11 230
1 11 230
1 12 250
1 13 543
1 14 321
1 15 491
1 16 732
1 17 932
1 18 378
1 19 232
2 10 843
2 11 230
2 12 250
2 13 543
2 14 321
2 15 491
2 16 732
2 17 932
2 18 378
2 19 232
3 00 230
3 11 230
3 12 250
3 13 543
3 14 321
3 15 491
3 16 732
3 17 932
3 18 378
3 19 232
4 00 230
4 11 230
4 12 250
4 13 543
4 14 321
4 15 491
4 16 732
4 17 932
4 18 378
4 19 232
5 10 230
5 11 230
5 12 250
5 13 543
5 14 321
5 15 491
5 16 732
5 17 932
5 18 378
5 19 232
